image: world-1.pgm
resolution: 0.020000
origin: [-15.00000, -15.00000, 0.000000]
negate: 0
occupied_thresh: 0.65
free_thresh: 0.196
